1	H	0.000	1024	0	1
2	H	0.000	1024	0	2
3	H	0.000	1024	0	3
4	H	0.000	1024	0	4
5	H	0.000	1024	0	5
6	H	0.000	1024	0	6
7	H	0.000	1024	0	7
8	H	0.000	1024	0	8
9	H	0.000	1024	0	9
10	H	0.000	524	0	10
11	P	0.033	1024	290833	1
12	P	0.033	1024	290010	2
13	P	0.033	1024	289674	3
14	P	0.033	1024	289553	4
15	P	0.033	402	289416	5
16	P	0.067	1024	212378	1
17	P	0.067	720	211724	2
18	P	0.100	1024	160859	1
19	P	0.100	213	160735	2
20	P	0.133	1024	129420	1
21	P	0.133	232	129341	2
22	P	0.167	1024	111693	1
23	P	0.167	189	111667	2
24	P	0.200	1024	99123	1
25	P	0.200	43	99108	2
26	P	0.233	1024	89503	1
27	P	0.233	194	93302	1
28	P	0.267	1024	83109	1
29	P	0.267	238	83086	2
30	P	0.300	1024	78113	1
31	P	0.300	290	78085	2
32	P	0.333	1024	74304	1
33	P	0.333	163	74287	2
34	P	0.367	1024	70793	1
35	P	0.367	295	70776	2
36	H	0.400	1024	68275	1
37	H	0.400	1024	68257	2
38	H	0.400	1024	68251	3
39	H	0.400	1024	68244	4
40	H	0.400	1024	68239	5
41	H	0.400	1024	68236	6
42	H	0.400	1024	68234	7
43	H	0.400	1024	68231	8
44	H	0.400	1024	68229	9
45	H	0.400	1024	68218	10
46	H	0.400	1024	68216	11
47	H	0.400	1024	68213	12
48	H	0.400	1024	68211	13
49	H	0.400	1024	68208	14
50	H	0.400	1024	68206	15
51	H	0.400	854	68203	16
52	P	0.433	1024	100729	1
53	P	0.433	463	102187	1
54	P	0.467	1024	96675	1
55	P	0.467	1024	96656	2
56	P	0.467	99	96647	3
57	P	0.500	1024	94663	1
58	P	0.500	295	94648	2
59	P	0.533	1024	91172	1
60	P	0.533	904	92320	1
61	P	0.567	1024	89260	1
62	P	0.567	1024	90293	1
63	P	0.567	143	90291	2
64	P	0.600	1024	88092	1
65	P	0.600	409	88077	2
66	P	0.633	1024	85660	1
67	P	0.633	611	85653	2
68	P	0.667	1024	83869	1
69	P	0.667	458	84638	1
70	P	0.700	1024	82070	1
71	P	0.700	347	82064	2
72	P	0.733	1024	80225	1
73	P	0.733	121	80213	2
74	P	0.767	1024	78258	1
75	P	0.767	26	78813	1
76	H	0.800	1024	76298	1
77	H	0.800	1024	76287	2
78	H	0.800	1024	76282	3
79	H	0.800	1024	76279	4
80	H	0.800	1024	76277	5
81	H	0.800	1024	76276	6
82	H	0.800	1024	76275	7
83	H	0.800	1024	76273	8
84	H	0.800	1024	76272	9
85	H	0.800	1024	76270	10
86	H	0.800	1024	76268	11
87	H	0.800	627	76267	12
88	P	0.833	485	87610	1
89	P	0.867	801	84804	1
90	P	0.900	1024	82620	1
91	P	0.900	53	82946	1
92	P	0.933	1024	80803	1
93	P	0.933	321	80796	2
94	P	0.967	841	79445	1
95	P	1.000	1024	77648	1
96	P	1.000	75	77914	1
97	P	1.033	1003	76212	1
98	P	1.067	907	74741	1
99	P	1.100	826	73329	1
100	P	1.133	822	71917	1
101	P	1.167	1024	70551	1
102	P	1.167	668	70547	2
103	H	1.200	1024	70006	1
104	H	1.200	1024	70220	1
105	H	1.200	1024	70218	2
106	H	1.200	1024	70218	3
107	H	1.200	1024	70217	4
108	H	1.200	1024	70217	5
109	H	1.200	1024	70216	6
110	H	1.200	1024	70215	7
111	H	1.200	1024	70215	8
112	H	1.200	473	70214	9
113	P	1.233	715	76097	1
114	P	1.267	908	74658	1
115	P	1.300	857	73460	1
116	P	1.333	878	72273	1
117	P	1.367	705	71149	1
118	P	1.400	636	69977	1
119	P	1.433	562	68760	1
120	P	1.467	1024	67606	1
121	P	1.467	222	67646	1
122	P	1.500	503	66932	1
123	P	1.533	1024	65803	1
124	P	1.533	146	65846	1
125	P	1.567	629	65155	1
126	H	1.600	1024	64198	1
127	H	1.600	1024	64227	1
128	H	1.600	1024	64226	2
129	H	1.600	1024	64226	3
130	H	1.600	1024	64225	4
131	H	1.600	1024	64225	5
132	H	1.600	1024	64224	6
133	H	1.600	1024	64224	7
134	H	1.600	1024	64224	8
135	H	1.600	434	64223	9
136	P	1.633	438	68863	1
137	P	1.667	369	67760	1
138	P	1.700	350	66662	1
139	P	1.733	1024	65547	1
140	P	1.733	495	65542	2
141	P	1.767	599	65212	1
142	P	1.800	711	64332	1
143	P	1.833	717	63546	1
144	P	1.867	824	62785	1
145	P	1.900	543	62149	1
146	P	1.933	793	61304	1
147	P	1.967	898	60678	1
148	H	2.000	1024	60173	1
149	H	2.000	1024	60171	2
150	H	2.000	1024	60170	3
151	H	2.000	1024	60170	4
152	H	2.000	1024	60170	5
153	H	2.000	1024	60169	6
154	H	2.000	1024	60169	7
155	H	2.000	1024	60169	8
156	H	2.000	1024	60168	9
157	H	2.000	340	60168	10
158	P	2.033	503	63924	1
159	P	2.067	973	63129	1
160	P	2.100	489	62597	1
161	P	2.133	1024	61863	1
162	P	2.133	14	61861	2
163	P	2.167	491	61398	1
164	P	2.200	789	60696	1
165	P	2.233	769	60123	1
166	P	2.267	890	59585	1
167	P	2.300	970	59118	1
168	P	2.333	1024	58686	1
169	P	2.333	73	58561	1
170	P	2.367	776	58338	1
171	H	2.400	1024	57856	1
172	H	2.400	1024	57853	2
173	H	2.400	1024	58141	1
174	H	2.400	1024	58141	2
175	H	2.400	1024	58140	3
176	H	2.400	1024	58140	4
177	H	2.400	1024	58140	5
178	H	2.400	1024	58140	6
179	H	2.400	126	58139	7
180	P	2.433	555	60528	1
181	P	2.467	727	59914	1
182	P	2.500	584	59408	1
183	P	2.533	729	58864	1
184	P	2.567	960	58387	1
185	P	2.600	1013	58019	1
186	P	2.633	709	57684	1
187	P	2.667	809	57209	1
188	P	2.700	698	56805	1
189	P	2.733	977	56375	1
190	P	2.767	726	56066	1
191	H	2.800	1024	55657	1
192	H	2.800	1024	55472	1
193	H	2.800	1024	55471	2
194	H	2.800	1024	55471	3
195	H	2.800	1024	55471	4
196	H	2.800	1024	55470	5
197	H	2.800	1024	55470	6
198	H	2.800	1024	55470	7
199	H	2.800	1024	55470	8
200	H	2.800	344	55470	9
201	P	2.833	453	58409	1
202	P	2.867	870	57889	1
203	P	2.900	855	57520	1
204	P	2.933	528	57168	1
205	P	2.967	964	56693	1
206	P	3.000	524	56406	1
207	P	3.033	967	55960	1
208	P	3.067	789	55659	1
209	P	3.100	491	55314	1
210	P	3.133	1010	54896	1
211	P	3.167	617	54635	1
212	H	3.200	1024	54255	1
213	H	3.200	1024	54047	1
214	H	3.200	1024	54046	2
215	H	3.200	1024	54046	3
216	H	3.200	1024	54046	4
217	H	3.200	1024	54046	5
218	H	3.200	1024	54046	6
219	H	3.200	1018	54045	7
220	P	3.233	429	56263	1
221	P	3.267	442	55818	1
222	P	3.300	495	55397	1
223	P	3.333	450	54993	1
224	P	3.367	1024	54569	1
225	P	3.367	210	54569	2
226	P	3.400	395	54404	1
227	P	3.433	636	53987	1
228	P	3.467	861	53648	1
229	P	3.500	901	53381	1
230	P	3.533	641	53130	1
231	P	3.567	994	52810	1
232	H	3.600	1024	52595	1
233	H	3.600	1024	52595	2
234	H	3.600	1024	52595	3
235	H	3.600	1024	52594	4
236	H	3.600	1024	52594	5
237	H	3.600	1024	52594	6
238	H	3.600	1024	52594	7
239	H	3.600	1024	52594	8
240	H	3.600	1024	52594	9
241	H	3.600	326	52593	10
242	P	3.633	392	54757	1
243	P	3.667	617	54364	1
244	P	3.700	675	54038	1
245	P	3.733	721	53734	1
246	P	3.767	686	53447	1
247	P	3.800	679	53156	1
248	P	3.833	653	52869	1
249	P	3.867	524	52580	1
250	P	3.900	470	52262	1
251	P	3.933	367	51929	1
252	P	3.967	876	51589	1
253	H	4.000	1024	51348	1
254	H	4.000	1024	51347	2
255	H	4.000	1024	51347	3
256	H	4.000	1024	51347	4
257	H	4.000	1024	51347	5
258	H	4.000	1024	51347	6
259	H	4.000	1024	51347	7
260	H	4.000	1024	51346	8
261	H	4.000	1024	51346	9
262	H	4.000	1024	51346	10
263	H	4.000	1024	51346	11
264	H	4.000	337	51346	12
265	P	4.033	286	53846	1
266	P	4.067	435	53474	1
267	P	4.100	563	53143	1
268	P	4.133	503	52848	1
269	P	4.167	619	52543	1
270	P	4.200	649	52272	1
271	P	4.233	366	52011	1
272	P	4.267	675	51688	1
273	P	4.300	450	51443	1
274	P	4.333	527	51149	1
275	P	4.367	1001	50877	1
276	H	4.400	1024	50717	1
277	H	4.400	1024	50717	2
278	H	4.400	1024	50717	3
279	H	4.400	1024	50717	4
280	H	4.400	1024	50717	5
281	H	4.400	1024	50716	6
282	H	4.400	1024	50716	7
283	H	4.400	1024	50716	8
284	H	4.400	1024	50716	9
285	H	4.400	1024	50715	10
286	H	4.400	1024	50715	11
287	H	4.400	375	50715	12
288	P	4.433	324	52977	1
289	P	4.467	570	52653	1
290	P	4.500	911	52388	1
291	P	4.533	803	52202	1
292	P	4.567	852	51996	1
293	P	4.600	800	51803	1
294	P	4.633	648	51602	1
295	P	4.667	642	51370	1
296	P	4.700	603	51140	1
297	P	4.733	513	50906	1
298	P	4.767	749	50656	1
299	H	4.800	1024	50459	1
300	H	4.800	1024	50458	2
301	H	4.800	1024	50458	3
302	H	4.800	1024	50458	4
303	H	4.800	1024	50458	5
304	H	4.800	1024	50458	6
305	H	4.800	1024	50458	7
306	H	4.800	1024	50458	8
307	H	4.800	1024	50458	9
308	H	4.800	646	50457	10
309	P	4.833	402	52162	1
310	P	4.867	439	51886	1
311	P	4.900	486	51621	1
312	P	4.933	457	51369	1
313	P	4.967	517	51115	1
314	P	5.000	607	50876	1
315	P	5.033	658	50658	1
316	P	5.067	706	50453	1
317	P	5.100	531	50261	1
318	P	5.133	867	50036	1
319	P	5.167	556	49880	1
320	H	5.200	1024	49666	1
321	H	5.200	1024	49666	2
322	H	5.200	1024	49666	3
323	H	5.200	1024	49666	4
324	H	5.200	1024	49666	5
325	H	5.200	1024	49666	6
326	H	5.200	1024	49665	7
327	H	5.200	1024	49665	8
328	H	5.200	58	49665	9
329	P	5.233	514	50933	1
330	P	5.267	582	50708	1
331	P	5.300	606	50498	1
332	P	5.333	843	50294	1
333	P	5.367	449	50138	1
334	P	5.400	519	49910	1
335	P	5.433	894	49698	1
336	P	5.467	387	49558	1
337	P	5.500	737	49327	1
338	P	5.533	476	49162	1
339	P	5.567	530	48952	1
340	H	5.600	1024	48754	1
341	H	5.600	1024	48753	2
342	H	5.600	1024	48753	3
343	H	5.600	1024	48753	4
344	H	5.600	1024	48753	5
345	H	5.600	1024	48753	6
346	H	5.600	1024	48753	7
347	H	5.600	1024	48752	8
348	H	5.600	1024	48752	9
349	H	5.600	496	48752	10
350	P	5.633	193	50197	1
351	P	5.667	526	49935	1
352	P	5.700	492	49734	1
353	P	5.733	582	49530	1
354	P	5.767	188	49343	1
355	P	5.800	448	49090	1
356	P	5.833	409	48886	1
357	P	5.867	602	48676	1
358	P	5.900	715	48502	1
359	P	5.933	465	48350	1
360	P	5.967	561	48156	1
361	H	6.000	1024	47981	1
362	H	6.000	1024	47981	2
363	H	6.000	1024	47981	3
364	H	6.000	1024	47981	4
365	H	6.000	1024	47981	5
366	H	6.000	1024	47981	6
367	H	6.000	1024	47981	7
368	H	6.000	1024	47981	8
369	H	6.000	1024	47980	9
370	H	6.000	446	47980	10
371	P	6.033	329	49324	1
372	P	6.067	427	49107	1
373	P	6.100	804	48908	1
374	P	6.133	247	48772	1
375	P	6.167	364	48548	1
376	P	6.200	731	48344	1
377	P	6.233	447	48202	1
378	P	6.267	537	48016	1
379	P	6.300	430	47846	1
380	P	6.333	555	47661	1
381	P	6.367	377	47498	1
382	H	6.400	1024	47309	1
383	H	6.400	1024	47308	2
384	H	6.400	1024	47308	3
385	H	6.400	1024	47308	4
386	H	6.400	1024	47308	5
387	H	6.400	1024	47308	6
388	H	6.400	1024	47308	7
389	H	6.400	1024	47308	8
390	H	6.400	1024	47307	9
391	H	6.400	429	47307	10
392	P	6.433	330	48568	1
393	P	6.467	417	48369	1
394	P	6.500	515	48184	1
395	P	6.533	522	48016	1
396	P	6.567	527	48008	2
397	P	6.600	363	47676	1
398	P	6.633	745	47675	2
399	P	6.667	360	47376	1
400	P	6.700	457	47375	2
401	P	6.733	513	47027	1
402	P	6.767	465	47026	2
403	H	6.800	1024	46708	1
404	H	6.800	1024	46708	2
405	H	6.800	1024	46708	3
406	H	6.800	1024	46708	4
407	H	6.800	1024	46708	5
408	H	6.800	1024	46708	6
409	H	6.800	1024	46707	7
410	H	6.800	1024	46707	8
411	H	6.800	1024	46707	9
412	H	6.800	463	46707	10
413	P	6.833	324	46707	11
414	P	6.867	710	47716	1
415	P	6.900	533	47716	2
416	P	6.933	739	47435	1
417	P	6.967	559	47435	2
418	P	7.000	588	47168	1
419	P	7.033	649	47167	2
420	P	7.067	656	46897	1
421	P	7.100	738	46896	2
422	P	7.133	773	46652	1
423	P	7.167	617	46652	2
424	H	7.200	1024	46413	1
425	H	7.200	1024	46412	2
426	H	7.200	1024	46412	3
427	H	7.200	1024	46412	4
428	H	7.200	1024	46412	5
429	H	7.200	1024	46412	6
430	H	7.200	1024	46412	7
431	H	7.200	139	46412	8
432	P	7.233	571	46412	9
433	P	7.267	680	47074	1
434	P	7.300	477	47073	2
435	P	7.333	852	46802	1
436	P	7.367	429	46802	2
437	P	7.400	782	46553	1
438	P	7.433	684	46552	2
439	P	7.467	444	46332	1
440	P	7.500	715	46332	2
441	P	7.533	648	46075	1
442	P	7.567	523	46075	2
443	H	7.600	1024	45824	1
444	H	7.600	1024	45823	2
445	H	7.600	1024	45823	3
446	H	7.600	1024	45823	4
447	H	7.600	1024	45823	5
448	H	7.600	1024	45823	6
449	H	7.600	1024	45823	7
450	H	7.600	1024	45823	8
451	H	7.600	162	45823	9
452	P	7.633	290	45823	10
453	P	7.667	465	46556	1
454	P	7.700	490	46556	2
455	P	7.733	588	46277	1
456	P	7.767	640	46277	2
457	P	7.800	493	46038	1
458	P	7.833	680	46038	2
459	P	7.867	638	45796	1
460	P	7.900	637	45796	2
461	P	7.933	676	45571	1
462	P	7.967	561	45571	2
463	H	8.000	1024	45345	1
464	H	8.000	1024	45345	2
465	H	8.000	1024	45345	3
466	H	8.000	1024	45344	4
467	H	8.000	1024	45344	5
468	H	8.000	1024	45344	6
469	H	8.000	1024	45344	7
470	H	8.000	1024	45344	8
471	H	8.000	240	45344	9
472	P	8.033	471	45344	10
473	P	8.067	558	46077	1
474	P	8.100	557	46076	2
475	P	8.133	550	45835	1
476	P	8.167	593	45835	2
477	P	8.200	602	45601	1
478	P	8.233	568	45601	2
479	P	8.267	610	45374	1
480	P	8.300	675	45373	2
481	P	8.333	434	45164	1
482	P	8.367	633	45164	2
483	H	8.400	1024	44932	1
484	H	8.400	1024	44932	2
485	H	8.400	1024	44932	3
486	H	8.400	1024	44932	4
487	H	8.400	1024	44932	5
488	H	8.400	1024	44932	6
489	H	8.400	1024	44932	7
490	H	8.400	1024	44931	8
491	H	8.400	95	44931	9
492	P	8.433	455	44931	10
493	P	8.467	465	45613	1
494	P	8.500	420	45613	2
495	P	8.533	319	45360	1
496	P	8.567	700	45359	2
497	P	8.600	493	45126	1
498	P	8.633	730	45125	2
499	P	8.667	688	44919	1
500	P	8.700	517	44919	2
501	P	8.733	813	44713	1
502	P	8.767	381	44713	2
503	H	8.800	1024	44509	1
504	H	8.800	1024	44509	2
505	H	8.800	1024	44509	3
506	H	8.800	1024	44509	4
507	H	8.800	1024	44509	5
508	H	8.800	1024	44509	6
509	H	8.800	1024	44509	7
510	H	8.800	992	44509	8
511	P	8.833	196	44508	9
512	P	8.867	504	45119	1
513	P	8.900	596	45119	2
514	P	8.933	583	44905	1
515	P	8.967	302	44905	2
516	P	9.000	660	44670	1
517	P	9.033	291	44669	2
518	P	9.067	728	44445	1
519	P	9.100	305	44445	2
520	P	9.133	728	44233	1
521	P	9.167	459	44233	2
522	H	9.200	1024	44041	1
523	H	9.200	1024	44041	2
524	H	9.200	1024	44041	3
525	H	9.200	1024	44041	4
526	H	9.200	1024	44041	5
527	H	9.200	1024	44041	6
528	H	9.200	1024	44041	7
529	H	9.200	1024	44041	8
530	H	9.200	28	44041	9
531	P	9.233	514	44040	10
532	P	9.267	761	44669	1
533	P	9.300	526	44669	2
534	P	9.333	567	44487	1
535	P	9.367	576	44487	2
536	P	9.400	501	44293	1
537	P	9.433	752	44292	2
538	P	9.467	457	44112	1
539	P	9.500	486	44112	2
540	P	9.533	711	43902	1
541	P	9.567	383	43902	2
542	H	9.600	1024	43711	1
543	H	9.600	1024	43710	2
544	H	9.600	1024	43710	3
545	H	9.600	1024	43710	4
546	H	9.600	1024	43710	5
547	H	9.600	1024	43710	6
548	H	9.600	1024	43710	7
549	H	9.600	947	43710	8
550	P	9.633	367	43710	9
551	P	9.667	453	44289	1
552	P	9.700	517	44288	2
553	P	9.733	498	44084	1
554	P	9.767	423	44084	2
555	P	9.800	513	43878	1
556	P	9.833	638	43877	2
557	P	9.867	598	43697	1
558	P	9.900	448	43697	2
559	P	9.933	475	43508	1
560	P	9.967	425	43508	2
